623.0 150.34005308151245

616.0 176.38386011123657

577.0 184.3176760673523

300.0 18.84953022003174

305.0 11.629034996032715

318.0 17.070351123809814

321.0 11.924216508865356

285.0 25.792001247406006

332.0 15.329988956451416

275.0 20.735527753829956

357.0 19.09793782234192

312.0 26.09917902946472

332.0 19.071977138519287

403.0 36.68086290359497

367.0 27.75478172302246

426.0 35.454779386520386

386.0 41.639159202575684

392.0 44.352428913116455

392.0 37.762165546417236

497.0 64.56028652191162

466.0 49.61687231063843

589.0 75.55590176582336

90.0 0.52459716796875

90.0 0.6073498725891113

79.1 0.8208374977111816

314.0 21.24219298362732

376.0 0.6362979412078857

357.0 0.452789306640625

327.0 0.630314826965332

414.0 0.48583078384399414

383.0 0.700127363204956

377.0 0.612363338470459

487.0 0.9925017356872559

496.0 0.7120311260223389

511.0 0.8976013660430908

464.0 0.9749488830566406

342.0 1.3763198852539062

336.0 1.1639273166656494

321.0 9.549670696258545

379.0 0.8287551403045654

362.0 0.9933135509490967

309.0 0.6054139137268066

410.0 0.9903218746185303

363.0 1.1319751739501953

365.0 0.8391363620758057

367.0 0.37912988662719727

315.0 1.0641884803771973

413.0 0.6333415508270264

369.0 1.8052091598510742

367.0 1.2229430675506592

442.0 2.526440143585205

432.0 1.5030114650726318

348.0 0.6764116287231445

369.0 0.5984406471252441

