368.0 0.5565423965454102

374.0 3.26628041267395

367.0 0.9833619594573975

376.0 2.782566547393799

377.0 1.1969351768493652

370.0 0.4966733455657959

375.0 0.4886941909790039

364.0 0.8936104774475098

347.0 3.8048317432403564

366.0 3.4112918376922607

304.0 0.8646883964538574

309.0 0.6961379051208496

317.0 1.0142884254455566

318.0 2.061520576477051

314.0 0.5535197257995605

412.0 0.9405200481414795

402.0 1.2927148342132568

409.0 0.6353003978729248

419.0 2.839442491531372

412.0 11.046143054962158

349.0 1.328479290008545

357.0 1.3902842998504639

365.0 4.98077130317688

363.0 11.950366973876953

365.0 17.90713906288147

377.0 0.9564425945281982

355.0 2.180218458175659

344.0 0.6722006797790527

376.0 15.13854193687439

376.0 13.349043130874634

460.0 2.3846490383148193

453.0 1.1560659408569336

464.0 1.6688823699951172

457.0 1.439450740814209

461.0 19.72528052330017

443.0 1.3603644371032715

439.0 1.7104289531707764

443.0 1.7305052280426025

438.0 10.135104656219482

443.0 5.766709089279175

495.0 3.022064447402954

499.0 1.1391749382019043

495.0 2.784698963165283

494.0 26.53225016593933

477.0 11.88006329536438

456.0 0.9965472221374512

436.0 1.2207715511322021

423.0 1.339388370513916

464.0 0.17353606224060059

472.0 0.10871100425720215

465.0 1.8321037292480469

454.0 2.480587959289551

470.0 2.124352216720581

475.0 1.9250524044036865

468.0 2.2430033683776855

474.0 3.1525745391845703

469.0 2.5332300662994385

473.0 2.9258053302764893

467.0 1.4121935367584229

469.0 22.53776478767395

591.0 1.8630211353302002

574.0 2.4923369884490967

559.0 2.5461950302124023

568.0 48.71579432487488

584.0 42.922544717788696

571.0 1.474060297012329

576.0 4.64159369468689

570.0 3.223383903503418

558.0 27.613329887390137

551.0 14.878265142440796

698.0 2.4374539852142334

665.0 4.6137003898620605

680.0 7.629577398300171

674.0 87.86116909980774

698.0 5.467520475387573












366.0 0.672234296798706

375.0 0.7110683917999268

378.0 0.6981325149536133

372.0 4.892922401428223

375.0 1.7502892017364502

370.0 0.5345709323883057

377.0 0.6273238658905029

371.0 0.5256259441375732

369.0 6.817937135696411

374.0 0.5247294902801514

316.0 1.0653254985809326

314.0 0.7190456390380859

318.0 0.9045815467834473

318.0 6.4529383182525635

319.0 19.784286499023438

415.0 0.526613712310791

402.0 0.9257469177246094

411.0 0.638465404510498

423.0 3.5086536407470703

423.0 13.576781988143921

360.0 2.1682369709014893

368.0 0.8806784152984619

366.0 0.9438011646270752

370.0 3.783885955810547

356.0 2.0525121688842773

370.0 0.679185152053833

365.0 0.9833714962005615

369.0 0.6593313217163086

375.0 7.74031138420105

359.0 11.282933712005615

461.0 1.0481982231140137

454.0 1.2337043285369873

442.0 4.612701654434204

456.0 7.841042757034302

457.0 6.212397336959839

401.0 1.3384225368499756

442.0 1.505981206893921

443.0 3.026944875717163

429.0 9.438771486282349

428.0 46.93655610084534

492.0 3.2562966346740723

464.0 1.2167835235595703

496.0 4.271550178527832

501.0 16.006301164627075

498.0 2.385624885559082

460.0 1.1050453186035156

421.0 1.5797781944274902

412.0 1.3573715686798096

465.0 0.625328779220581

461.0 2.2469944953918457

471.0 1.9338314533233643

465.0 1.5612092018127441

465.0 1.5797772407531738

476.0 15.173599243164062

464.0 8.904273271560669

474.0 1.0202412605285645

462.0 1.302703857421875

461.0 2.5063364505767822

461.0 8.515242576599121

476.0 36.27304983139038

591.0 1.640615701675415

590.0 3.392930507659912

549.0 2.8384130001068115

592.0 16.766215801239014

574.0 14.852274656295776

569.0 2.9192001819610596

538.0 2.122323989868164

567.0 2.0535123348236084

548.0 12.384923696517944

573.0 0.5395655632019043

681.0 6.566625118255615

689.0 6.577419996261597

670.0 4.8390960693359375

691.0 26.378467559814453

695.0 26.326786518096924

376.0 0.6253261566162109

370.0 0.7949047088623047

359.0 0.8437097072601318

359.0 2.59006929397583

376.0 2.453435182571411

368.0 0.6372945308685303

367.0 1.0481946468353271

364.0 1.3055057525634766

340.0 22.048038244247437

342.0 2.498314619064331

295.0 0.82682204246521

296.0 3.7010657787323

304.0 3.765923500061035

303.0 146.7583498954773

302.0 11.366552352905273

388.0 1.6625514030456543

397.0 1.853072166442871

400.0 11.103291034698486

397.0 29.367421627044678

400.0 48.33171057701111

361.0 1.339446783065796

365.0 3.132581949234009

357.0 1.0521831512451172

361.0 16.178741455078125

363.0 11.643845796585083

335.0 4.19676947593689

372.0 1.1420059204101562

352.0 0.6572413444519043

348.0 1.0571701526641846

378.0 0.40311217308044434

377.0 0.6602325439453125

332.0 0.727055549621582

357.0 1.5432541370391846

360.0 0.43985414505004883

350.0 2.719874620437622

342.0 1.0374393463134766

303.0 1.1539950370788574

303.0 1.678619623184204

362.0 0.6533071994781494

376.0 0.7200396060943604

352.0 0.7809357643127441

370.0 2.5003199577331543

377.0 2.433638095855713

357.0 1.1102054119110107

322.0 0.4780912399291992

338.0 1.101022720336914

373.0 0.974367618560791

374.0 0.8178110122680664

372.0 1.6447725296020508

379.0 1.5887572765350342

345.0 0.4169182777404785

369.0 0.4827156066894531

364.0 0.5166172981262207

354.0 4.342447519302368

348.0 6.196389436721802

296.0 1.2865886688232422

297.0 1.4391491413116455

359.0 0.514807939529419

357.0 0.6612381935119629

327.0 0.659426212310791

377.0 3.633246421813965

377.0 0.40607476234436035

364.0 0.4807140827178955

355.0 0.47872161865234375

361.0 0.5504953861236572

354.0 2.6291303634643555

366.0 4.919086694717407

293.0 2.3576912879943848

301.0 1.3583638668060303

302.0 0.6901535987854004

301.0 6.506589412689209

294.0 37.52600693702698

375.0 3.327097177505493

396.0 1.5579941272735596

400.0 0.6414251327514648

402.0 40.439473152160645

403.0 63.9117488861084

362.0 1.1549100875854492

354.0 0.891646146774292

362.0 1.3832674026489258

365.0 6.170490980148315

360.0 3.999547243118286

336.0 1.2586312294006348

349.0 1.2538444995880127

372.0 0.5147802829742432

371.0 0.6931452751159668

378.0 0.671234130859375

375.0 0.5615293979644775

369.0 10.104555130004883

367.0 0.5614981651306152

363.0 0.91156005859375

363.0 2.7576537132263184

351.0 9.351011276245117

367.0 4.250759840011597

292.0 2.662875175476074

299.0 1.9648585319519043

301.0 3.252471685409546

304.0 113.84567928314209

299.0 33.28162455558777

401.0 1.227748155593872

395.0 1.3364980220794678

374.0 0.5237464904785156

370.0 0.677215576171875

347.0 0.6562130451202393

340.0 2.4496495723724365

377.0 0.9743924140930176

365.0 0.7739286422729492

356.0 1.161890983581543

373.0 0.8619582653045654

364.0 0.6631929874420166

372.0 0.704148530960083

359.0 3.0867812633514404

348.0 3.769070625305176

367.0 0.356048583984375

348.0 0.7509894371032715

368.0 1.3902795314788818

355.0 0.21844744682312012

368.0 3.307246208190918

299.0 1.522956371307373

304.0 1.9968180656433105


